[
    {
        "label": ".12", 
        "points": [
            [
                8402.7800000000007, 
                3930.6500000000001, 
                6550.7900000000000
            ], 
            [
                8401.8600000000006, 
                3772.9000000000001, 
                6598.5
            ], 
            [
                8402.7800000000007, 
                3931.3000000000002, 
                6541.4700000000003
            ], 
            [
                8403.5200000000004, 
                3850.2700000000000, 
                6534.4099999999999
            ], 
            [
                8402.9300000000003, 
                4219.4799999999996, 
                6555.3599999999997
            ], 
            [
                8402.7800000000007, 
                4542.8299999999999, 
                6579.9799999999996
            ], 
            [
                8400.0499999999993, 
                3641.2100000000000, 
                6523.3100000000004
            ], 
            [
                8400.4899999999998, 
                3826.1700000000001, 
                6564.3900000000003
            ], 
            [
                8400.8400000000001, 
                4236.1199999999999, 
                6609.0500000000002
            ], 
            [
                8401.6900000000005, 
                3644.4000000000001, 
                6585.6999999999998
            ], 
            [
                8402.4799999999996, 
                3635.2700000000000, 
                6544.1300000000001
            ], 
            [
                8402.7399999999998, 
                3835.3499999999999, 
                6590.1499999999996
            ], 
            [
                8401.0599999999995, 
                3887.1500000000001, 
                6517.0600000000004
            ], 
            [
                8400.0499999999993, 
                3652.6999999999998, 
                6574.0699999999997
            ], 
            [
                8400.4599999999991, 
                4583.4799999999996, 
                6535.1499999999996
            ], 
            [
                8400.6800000000003, 
                4534.8800000000001, 
                6592.1499999999996
            ], 
            [
                8402.9200000000001, 
                4219.5900000000001, 
                6527.7299999999996
            ], 
            [
                8400.5799999999999, 
                3631.6399999999999, 
                6579.0100000000002
            ], 
            [
                8400.6100000000006, 
                4453.7799999999997, 
                6569.7200000000003
            ], 
            [
                8402.6800000000003, 
                4441.2900000000000, 
                6566.7799999999997
            ], 
            [
                8402.9099999999999, 
                3922.2800000000002, 
                6568.1499999999996
            ], 
            [
                8403.0900000000001, 
                3774.9200000000001, 
                6524.6000000000004
            ], 
            [
                8403.7199999999993, 
                3509.2600000000002, 
                6527.3900000000003
            ], 
            [
                8400.7600000000002, 
                3591.7700000000000, 
                6592.4200000000001
            ], 
            [
                8403.1000000000004, 
                3455.5999999999999, 
                6584.4399999999996
            ], 
            [
                8400.8099999999995, 
                4097.0799999999999, 
                6588.3599999999997
            ], 
            [
                8400.6900000000005, 
                4284.0, 
                6529.9200000000001
            ], 
            [
                8401.7299999999996, 
                3822.1599999999999, 
                6528.4200000000001
            ], 
            [
                8401.6100000000006, 
                4487.9600000000000, 
                6544.3199999999997
            ], 
            [
                8400.7700000000004, 
                3820.8699999999999, 
                6527.6700000000001
            ], 
            [
                8401.4099999999999, 
                3639.7399999999998, 
                6538.9200000000001
            ], 
            [
                8402.1800000000003, 
                3766.4099999999999, 
                6532.0100000000002
            ], 
            [
                8401.1900000000005, 
                3494.4000000000001, 
                6592.0900000000001
            ], 
            [
                8402.2000000000007, 
                3802.5900000000001, 
                6601.6000000000004
            ], 
            [
                8402.9400000000005, 
                3604.3200000000002, 
                6514.7100000000000
            ], 
            [
                8401.0699999999997, 
                4117.9300000000003, 
                6554.5299999999997
            ], 
            [
                8400.3299999999999, 
                4031.5300000000002, 
                6573.4099999999999
            ], 
            [
                8401.1299999999992, 
                3879.5, 
                6533.8199999999997
            ], 
            [
                8401.5799999999999, 
                4054.7199999999998, 
                6579.4200000000001
            ], 
            [
                8403.8600000000006, 
                3994.6500000000001, 
                6518.1099999999997
            ], 
            [
                8401.8299999999999, 
                4209.6499999999996, 
                6586.0400000000000
            ], 
            [
                8400.6499999999996, 
                4584.1999999999998, 
                6528.0
            ], 
            [
                8401.0599999999995, 
                3722.9699999999998, 
                6529.8000000000002
            ], 
            [
                8401.0799999999999, 
                4013.0799999999999, 
                6602.0699999999997
            ], 
            [
                8403.9599999999991, 
                3745.1300000000001, 
                6507.6400000000003
            ], 
            [
                8402.5499999999993, 
                4392.2700000000004, 
                6582.6599999999999
            ], 
            [
                8403.3099999999995, 
                3822.9400000000001, 
                6566.7900000000000
            ], 
            [
                8403.3799999999992, 
                4307.9300000000003, 
                6577.7600000000002
            ], 
            [
                8400.2299999999996, 
                4643.5900000000001, 
                6595.4799999999996
            ], 
            [
                8402.3199999999997, 
                4392.2799999999997, 
                6540.1999999999998
            ], 
            [
                8401.4099999999999, 
                4650.0900000000001, 
                6599.3000000000002
            ], 
            [
                8403.9200000000001, 
                4486.7700000000004, 
                6567.8500000000004
            ], 
            [
                8402.2700000000004, 
                4352.7100000000000, 
                6536.4200000000001
            ], 
            [
                8400.2700000000004, 
                4188.1599999999999, 
                6559.4899999999998
            ], 
            [
                8402.9300000000003, 
                3490.8400000000001, 
                6587.1499999999996
            ], 
            [
                8402.7000000000007, 
                4608.9600000000000, 
                6583.6000000000004
            ], 
            [
                8402.2099999999991, 
                3890.0500000000002, 
                6551.1000000000004
            ], 
            [
                8403.7399999999998, 
                3806.1300000000001, 
                6573.8699999999999
            ], 
            [
                8400.5400000000009, 
                4621.7299999999996, 
                6536.5500000000002
            ], 
            [
                8403.6200000000008, 
                3794.5400000000000, 
                6509.9099999999999
            ], 
            [
                8403.8099999999995, 
                3988.3899999999999, 
                6540.5900000000001
            ], 
            [
                8400.8799999999992, 
                4289.3500000000004, 
                6528.9700000000003
            ], 
            [
                8403.4699999999993, 
                4624.8100000000004, 
                6597.8699999999999
            ], 
            [
                8401.7299999999996, 
                3661.5, 
                6527.3199999999997
            ], 
            [
                8402.5300000000007, 
                4083.7300000000000, 
                6549.6899999999996
            ], 
            [
                8400.4699999999993, 
                3521.9200000000001, 
                6559.1000000000004
            ], 
            [
                8403.5400000000009, 
                4086.0500000000002, 
                6603.6300000000001
            ], 
            [
                8402.0300000000007, 
                3758.6500000000001, 
                6593.0900000000001
            ], 
            [
                8402.5, 
                3612.1399999999999, 
                6543.1400000000003
            ], 
            [
                8402.9400000000005, 
                4273.9399999999996, 
                6554.4600000000000
            ], 
            [
                8400.25, 
                4523.6199999999999, 
                6612.1499999999996
            ], 
            [
                8401.2900000000009, 
                3567.0200000000000, 
                6561.4099999999999
            ], 
            [
                8401.1399999999994, 
                4629.6099999999997, 
                6612.7700000000004
            ], 
            [
                8403.4699999999993, 
                4288.3299999999999, 
                6516.0799999999999
            ], 
            [
                8402.1900000000005, 
                4168.4399999999996, 
                6529.5299999999997
            ], 
            [
                8401.4300000000003, 
                3748.8400000000001, 
                6560.2900000000000
            ], 
            [
                8401.4099999999999, 
                4649.0, 
                6527.0900000000001
            ], 
            [
                8401.1100000000006, 
                4286.6999999999998, 
                6543.3100000000004
            ], 
            [
                8400.9599999999991, 
                3809.7199999999998, 
                6560.7100000000000
            ], 
            [
                8402.9899999999998, 
                4206.9899999999998, 
                6571.5100000000002
            ], 
            [
                8402.3700000000008, 
                3982.1599999999999, 
                6523.7700000000004
            ], 
            [
                8402.8999999999996, 
                4136.1999999999998, 
                6513.0299999999997
            ], 
            [
                8402.0100000000002, 
                3705.0700000000002, 
                6517.0799999999999
            ], 
            [
                8401.7900000000009, 
                4312.1999999999998, 
                6537.9099999999999
            ], 
            [
                8403.5200000000004, 
                3458.9600000000000, 
                6565.2900000000000
            ], 
            [
                8400.3799999999992, 
                4585.3999999999996, 
                6549.7200000000003
            ], 
            [
                8401.5599999999995, 
                3600.75, 
                6551.2900000000000
            ], 
            [
                8403.75, 
                4614.3199999999997, 
                6534.4700000000003
            ], 
            [
                8401.7199999999993, 
                4352.7900000000000, 
                6567.1599999999999
            ], 
            [
                8402.2099999999991, 
                4439.8199999999997, 
                6512.1300000000001
            ], 
            [
                8402.7800000000007, 
                4585.6400000000003, 
                6515.2900000000000
            ], 
            [
                8401.8299999999999, 
                3526.7199999999998, 
                6587.4200000000001
            ], 
            [
                8401.5200000000004, 
                4639.2299999999996, 
                6578.5100000000002
            ], 
            [
                8401.0400000000009, 
                3647.5500000000002, 
                6603.5799999999999
            ], 
            [
                8403.1499999999996, 
                4227.6999999999998, 
                6612.4200000000001
            ], 
            [
                8400.1800000000003, 
                4615.5699999999997, 
                6609.4399999999996
            ], 
            [
                8401.9400000000005, 
                3784.3000000000002, 
                6525.7200000000003
            ], 
            [
                8403.3299999999999, 
                4292.0299999999997, 
                6534.7200000000003
            ], 
            [
                8401.8899999999994, 
                3735.0799999999999, 
                6510.6800000000003
            ], 
            [
                8400.4300000000003, 
                3488.3499999999999, 
                6570.0500000000002
            ]
        ]
    }
]